0 750 431 402 133 489 
750 0 736 671 85 174 
431 736 0 117 934 65 
402 671 117 0 982 727 
133 85 934 982 0 956 
489 174 65 727 956 0 
