0 750 431 402 133 489 310 566 302 214 785 762
750 0 736 671 85 174 870 927 683 336 882 150
431 736 0 117 934 65 939 305 422 291 88 507
402 671 117 0 982 727 911 870 380 754 367 580
133 85 934 982 0 956 834 118 795 633 447 446
489 174 65 727 956 0 322 397 356 336 27 872
310 870 939 911 834 322 0 127 262 821 776 81
566 927 305 870 118 397 127 0 257 429 320 524
302 683 422 380 795 356 262 257 0 555 244 290
214 336 291 754 633 336 821 429 555 0 508 77
785 882 88 367 447 27 776 320 244 508 0 293
762 150 507 580 446 872 81 524 290 77 293 0