0 750 431 402 133 489 310 566 302 
750 0 736 671 85 174 870 927 683 
431 736 0 117 934 65 939 305 422 
402 671 117 0 982 727 911 870 380
133 85 934 982 0 956 834 118 795 
489 174 65 727 956 0 322 397 356 
310 870 939 911 834 322 0 127 262
566 927 305 870 118 397 127 0 257
302 683 422 380 795 356 262 257 0
